60
----------------------------------------------------
igcfnawbllrhywe
0
3399
89
3
0
0
----------------------------------------------------
ohaavhoehckehoy
2
2758
39
0
2
0
----------------------------------------------------
dpbnluednpcolrc
5
3151
3
5
2
0
----------------------------------------------------
vqfcvpwyygtlmrw
9
3926
48
8
2
0
----------------------------------------------------
bzpkzuefnanorwl
4
4362
40
6
2
0
----------------------------------------------------
bpkegoxnfrgovzc
7
3377
35
3
2
0
----------------------------------------------------
pkyxmvmaqmopvxp
2
2648
8
1
2
0
----------------------------------------------------
wiawwvklmohckvx
6
2047
81
7
2
0
----------------------------------------------------
gigiqiohoxlygtv
3
1225
30
1
1
0
----------------------------------------------------
lyatbbmtruwmdhu
5
4385
71
1
0
0
----------------------------------------------------
kkqgizyoqorbkab
0
1218
84
4
1
0
----------------------------------------------------
vumltculhkabaqk
1
3774
18
6
2
0
----------------------------------------------------
ilkpfagvrltinfa
2
2414
39
6
2
0
----------------------------------------------------
urnupnpkmuimtef
0
3538
43
5
0
0
----------------------------------------------------
hgaxyhohflmdivu
7
4343
55
5
2
0
----------------------------------------------------
vphyheimddmxdxi
3
4990
59
9
2
0
----------------------------------------------------
cgdqfxyphaygdax
7
4908
17
0
1
0
----------------------------------------------------
nfvoagnaqhllthk
4
3133
24
1
0
0
----------------------------------------------------
cacpqupvgeezunz
1
4730
42
6
1
0
----------------------------------------------------
pobzplikccquwpa
6
2090
78
1
1
0
----------------------------------------------------
zmoikpdffzkypmc
7
4517
90
0
2
0
----------------------------------------------------
dwwykzndalqnfkx
0
4692
70
0
2
0
----------------------------------------------------
orbnnvhnunlmlgh
9
4142
14
6
2
0
----------------------------------------------------
yzahlvblraufzcg
2
4692
70
4
1
0
----------------------------------------------------
tvefvwwmfhzvipw
4
4748
92
6
2
0
----------------------------------------------------
ahokoaegkezgzdi
9
363
38
2
1
0
----------------------------------------------------
dqgotkphpbllkia
4
4300
71
1
2
0
----------------------------------------------------
qoveyblixeckebm
9
2606
29
4
2
0
----------------------------------------------------
voidgapyrchcvbv
6
3619
0
6
2
0
----------------------------------------------------
ygwdoldocxrwbni
8
3580
93
5
1
0
----------------------------------------------------
poxpkenbuowuuwi
4
2352
33
8
2
0
----------------------------------------------------
uzzdmmauyiznroe
2
3476
42
2
2
0
----------------------------------------------------
imoqntcuvhrhbgn
9
3837
25
0
0
0
----------------------------------------------------
btkbnohgrpamqyn
7
1552
99
1
0
0
----------------------------------------------------
auhkexxgdzyqaah
0
1092
26
0
2
0
----------------------------------------------------
updqnvvuwnpuefi
6
1095
58
2
0
0
----------------------------------------------------
rwenitwnyzkipnr
5
1580
73
4
0
0
----------------------------------------------------
kbkzwbgexqphuib
1
836
8
2
2
0
----------------------------------------------------
eatxqgavtkhfxgc
2
3962
21
6
1
0
----------------------------------------------------
ulqxeruztaqzecn
5
74
2
0
2
0
----------------------------------------------------
ilurnanzncqkmfd
1
458
63
5
1
0
----------------------------------------------------
mznbiaknutbegeh
8
2657
45
9
0
0
----------------------------------------------------
fpkpvoxoaunbxza
9
1318
55
9
2
0
----------------------------------------------------
nvrvxwtwtpqtiwb
0
3271
82
0
1
0
----------------------------------------------------
cehymgttrcuxvan
6
811
97
3
2
0
----------------------------------------------------
hlhevbvvdwyreuw
1
2714
54
5
2
0
----------------------------------------------------
wxqiwnbpunxzrvi
6
1553
44
8
2
0
----------------------------------------------------
udodlpbpgeocoow
9
1522
47
2
0
0
----------------------------------------------------
rwqeiwrgoyqubyl
1
176
95
1
2
0
----------------------------------------------------
uetfhopfcioqatz
1
4338
64
3
2
0
----------------------------------------------------
fpazvdcglpanmci
0
4717
46
9
0
0
----------------------------------------------------
akwvxaqbloibene
0
3093
49
7
0
0
----------------------------------------------------
ftdgecimxqfezbn
6
4221
60
9
0
0
----------------------------------------------------
xxkrpxfplhvxmef
7
626
92
3
2
0
----------------------------------------------------
laeadmihvcnfgxh
2
3790
8
3
0
0
----------------------------------------------------
zpeqblulrrgkalq
3
4881
0
4
0
0
----------------------------------------------------
lorrcthvlxeaqqh
1
915
99
3
1
0
----------------------------------------------------
vxetdiueoiazaug
7
1525
6
4
1
0
----------------------------------------------------
oorrqebgprzfgfm
0
4535
59
3
1
0
----------------------------------------------------
levnrwkocyxamim
7
4234
78
6
2
0
----------------------------------------------------
nagqplxwrcicncd
7
1230
19
1
1
0
----------------------------------------------------
yfmoitrcffukuda
4
998
54
3
1
0
----------------------------------------------------
lpndazwqpihbebu
8
520
24
0
0
0
----------------------------------------------------
mkkzfpcrdhoatxi
5
2770
38
9
1
0
----------------------------------------------------
eltqbxalqxuzkuy
6
1375
5
7
1
0
----------------------------------------------------
tpvrtykxffqzmtl
0
720
73
1
1
0
----------------------------------------------------
bkppmmgbxlvqmdn
3
1350
34
9
0
0
----------------------------------------------------
yhlmklmfgwnauew
2
2372
42
7
0
0
----------------------------------------------------
evufxlftwrylrqg
9
4513
73
8
2
0
----------------------------------------------------
yqcapbaualyhgwt
9
3900
39
6
0
0
----------------------------------------------------
qbmoimhfzituodp
6
2618
84
3
1
0
----------------------------------------------------
eyzfkrvdeyzdmmo
4
2785
85
0
0
0
----------------------------------------------------
qfhgpuxhikntwmu
2
2848
91
4
2
0
----------------------------------------------------
ruaawkhfidyoynf
5
870
45
4
0
0
----------------------------------------------------
ffwwmgwupukhwbr
3
2054
92
5
0
0
----------------------------------------------------
kqfuyatwawgyxwu
7
4422
25
9
2
0
----------------------------------------------------
baoxpxnqpmmkzpi
8
116
73
0
2
0
----------------------------------------------------
bhlxfblditeevun
3
4143
72
8
0
0
----------------------------------------------------
phprgnfnwiicoyz
8
4255
68
0
2
0
----------------------------------------------------
pldycddzpizyvqk
9
4251
33
8
0
0
----------------------------------------------------
cnwrqocfrgrxmra
7
313
95
8
2
0
----------------------------------------------------
epqelqralxrmlgx
5
3867
83
5
0
0
----------------------------------------------------
xyhyepaqnmxqadu
7
4573
92
1
2
0
----------------------------------------------------
pqqpbtzhgltgrna
1
3860
62
2
1
0
----------------------------------------------------
ycccdtfiutmumby
4
3161
69
2
2
0
----------------------------------------------------
etpayoaiizafxbx
1
340
48
2
2
0
----------------------------------------------------
mvzvyoviqmzfrzr
0
4524
48
5
0
0
----------------------------------------------------
mirpnveboccnooq
6
2627
29
4
2
0
----------------------------------------------------
acfbztecwpbwuuv
7
583
8
2
1
0
----------------------------------------------------
lpozovaixzcgydw
3
2964
47
0
1
0
----------------------------------------------------
nyvttuxmukepanq
4
1374
6
7
1
0
----------------------------------------------------
txxdqkbkmttwpkw
7
427
82
7
2
0
----------------------------------------------------
bfnkvhxtdocklfw
1
1525
28
7
2
0
----------------------------------------------------
licxrkhgnqfwixa
6
494
37
6
1
0
----------------------------------------------------
ltdqowewpxcqlkf
1
2821
89
4
0
0
----------------------------------------------------
kodbmeeefinmxto
2
309
86
1
0
0
----------------------------------------------------
ndggldgrrhvwgir
6
134
86
4
0
0
----------------------------------------------------
oofplkvwzhzloqi
4
2412
53
7
2
0
----------------------------------------------------
qvfbpnrkfaaglkl
8
3596
30
1
0
0
----------------------------------------------------
pllxmnmgwzkexob
4
4429
97
2
2
0
----------------------------------------------------
wxkxzphfgmwmqxo
3
4292
67
9
1
0
----------------------------------------------------
zidiflvziyzyzut
6
4601
13
9
0
0
----------------------------------------------------
yohcymxgucxxilv
9
1829
81
1
0
0
----------------------------------------------------
mozmlufxvgafhqy
6
4142
19
0
1
0
----------------------------------------------------
dndcehxfrvlktnu
3
4985
98
4
0
0
----------------------------------------------------
banffxfxmznmlgw
1
1247
8
9
2
0
----------------------------------------------------
czhizkeqbfymkfi
8
4508
20
9
0
0
----------------------------------------------------
cxurdykmnfpuqgv
5
3672
70
4
2
0
----------------------------------------------------
nqnloriuaqxmhyp
5
4393
48
0
0
0
----------------------------------------------------
zyxedvrukavqzef
6
2969
72
9
2
0
----------------------------------------------------
xvfixgcruqvdfvy
8
4138
86
2
1
0
----------------------------------------------------
yvtaqcfqlhuipvp
9
2560
37
1
0
0
----------------------------------------------------
kqtlcixviilpbdg
8
806
22
8
0
0
----------------------------------------------------
mvfkbnukovwouom
7
4649
17
9
0
0
----------------------------------------------------
tazokexzblmtkow
0
4113
76
7
2
0
----------------------------------------------------
iavzbnzdqudubqf
8
4576
74
0
2
0
----------------------------------------------------
fftxqbdmdytxwwc
7
3866
25
8
2
0
----------------------------------------------------
zgmhealaukodeip
9
3714
7
5
1
0
----------------------------------------------------
truegvyhkgcvpdk
8
1990
95
6
0
0
----------------------------------------------------
nwoveppyyqqgiui
2
4321
88
8
1
0
----------------------------------------------------
llutqdkhvbhhckq
9
3175
60
0
2
0
----------------------------------------------------
pbxwnizeltwwthm
0
4575
16
8
0
0
----------------------------------------------------
zbqbhlkgdftxqxm
5
665
71
1
2
0
----------------------------------------------------
xigacktdtrxignf
8
4439
28
3
1
0
----------------------------------------------------
lodcwqxwmlnywuf
1
993
12
5
0
0
----------------------------------------------------
uwuvwxpirwigubk
1
2865
54
2
1
0
----------------------------------------------------
pyvcgvorlfxnpnb
5
2558
20
4
0
0
----------------------------------------------------
dwglfeyqmwdwqyc
8
3877
72
8
1
0
----------------------------------------------------
krmvhnfxylftytu
2
777
67
8
1
0
----------------------------------------------------
pqavaqyifmhelzh
3
1892
44
2
1
0
----------------------------------------------------
kgflfzurbbymxtb
7
1566
52
6
0
0
----------------------------------------------------
mrcybtdpherznbg
0
2491
70
6
0
0
----------------------------------------------------
tuimoekapbccdxx
5
883
71
5
0
0
----------------------------------------------------
emopkgymoftdedl
5
2697
85
3
0
0
----------------------------------------------------
cdlgafnouzrqkmb
8
2573
34
8
1
0
----------------------------------------------------
zyrhazixgakgzoh
0
3614
96
5
0
0
----------------------------------------------------
mxtfzpytoarhdam
1
640
22
8
0
0
----------------------------------------------------
ibktlnewlxurmvu
1
4676
30
8
0
0
----------------------------------------------------
dwmmipwbitnyunb
5
365
95
1
2
0
----------------------------------------------------
agrenatrwtyffmn
3
2616
58
6
1
0
----------------------------------------------------
wavpawwngyhemkm
7
2651
85
0
0
0
----------------------------------------------------
crtuorzqqlmrrup
1
2679
95
9
1
0
----------------------------------------------------
zlfpimzvxahudmy
7
369
3
1
2
0
----------------------------------------------------
lqrihvqfuagigcd
4
3282
28
7
2
0
----------------------------------------------------
nogmcgrqvooxfkx
9
4007
64
8
2
0
----------------------------------------------------
guongdptywtyyyc
5
4900
61
8
0
0
----------------------------------------------------
koqbmewovebczmh
4
2066
0
6
0
0
----------------------------------------------------
zmhzouryeegeynd
8
2976
64
8
2
0
----------------------------------------------------
hdihrxborxqaubf
8
3967
18
4
0
0
----------------------------------------------------
zhcexfghbflhruh
5
4182
73
1
2
0
----------------------------------------------------
