60
----------------------------------------------------
vndvofwgacgpgvy
6
159
61
0
2
0
----------------------------------------------------
lxbfgwiaqgteeri
4
3389
50
1
1
0
----------------------------------------------------
dpwzznwfemobafu
3
1485
99
1
2
0
----------------------------------------------------
hnmvyopxctqkpqn
4
2350
9
2
2
0
----------------------------------------------------
cdkgolhdzlttoec
2
363
37
0
0
0
----------------------------------------------------
inpnztcgykdwzle
1
4916
7
1
0
0
----------------------------------------------------
qimoqlchhpfakkr
3
928
52
2
2
0
----------------------------------------------------
vxnvoclhkbcfcou
3
3081
77
1
1
0
----------------------------------------------------
adqhdxhwpaabken
0
1025
73
1
2
0
----------------------------------------------------
ivkzwgiqogmlark
9
1433
15
2
2
0
----------------------------------------------------
ffafxwgfytzkpln
8
3329
77
0
0
0
----------------------------------------------------
tneqwuraqixhbny
3
290
50
0
1
0
----------------------------------------------------
uahyyupcoryqiig
7
1976
23
0
0
0
----------------------------------------------------
caeffqpfwbvhhtt
3
2988
31
0
2
0
----------------------------------------------------
dtnrhynbrbywxyk
8
4046
20
2
2
0
----------------------------------------------------
iqfgckldxntbigm
2
705
82
1
1
0
----------------------------------------------------
qzneeqapiyovtfk
7
39
30
1
1
0
----------------------------------------------------
vyuiruyruhpecth
3
2771
43
0
1
0
----------------------------------------------------
zkmgvpedllutwac
5
2719
77
1
0
0
----------------------------------------------------
gblcxvwpqkblquv
6
1802
51
2
2
0
----------------------------------------------------
gdtunhprirhgtyu
4
2404
89
2
2
0
----------------------------------------------------
dufqmvlrvngrrdg
2
358
63
0
2
0
----------------------------------------------------
abgaradeviilvob
0
2840
10
1
0
0
----------------------------------------------------
taxuwxhmfeiwvck
3
2638
32
0
2
0
----------------------------------------------------
xchinadbutiaarl
7
718
41
1
1
0
----------------------------------------------------
abzmxyeprxpozfa
9
873
17
1
2
0
----------------------------------------------------
fybyxrlmkitgalb
9
3666
77
1
2
0
----------------------------------------------------
bakkowfugrigneh
6
2963
12
1
1
0
----------------------------------------------------
vauqvxlrxhcuxke
2
707
59
2
2
0
----------------------------------------------------
rgmfnarcpqkdpmq
8
1268
40
0
2
0
----------------------------------------------------
vwfkivdkngrgtvd
1
2018
32
0
2
0
----------------------------------------------------
uxiopemeqwwtafi
6
3902
43
2
0
0
----------------------------------------------------
fkeyqmxrzxqnweu
2
2233
50
1
2
0
----------------------------------------------------
biwoiehxnfilckp
1
397
65
1
2
0
----------------------------------------------------
urxkzylalrhcxxe
8
1110
91
0
0
0
----------------------------------------------------
xwxzhkbrilfpxap
0
2207
11
1
1
0
----------------------------------------------------
emazhqziakbqyoz
4
896
97
1
0
0
----------------------------------------------------
vlwnxboibxzvenr
5
1724
29
2
0
0
----------------------------------------------------
ryohkwbhrbtwcww
6
3622
19
0
2
0
----------------------------------------------------
akdaxruagriglln
1
2492
36
0
2
0
----------------------------------------------------
nbqukfkiwpenicf
9
3965
10
1
2
0
----------------------------------------------------
dafunumuvczpiby
7
2837
8
2
0
0
----------------------------------------------------
mvfefclzgobvqnq
5
3640
56
0
0
0
----------------------------------------------------
ildkrouotlfzgte
3
3188
54
2
1
0
----------------------------------------------------
oaorwbrtelbltzh
9
3463
14
0
2
0
----------------------------------------------------
kzmacvwnalwxpen
8
1360
27
0
0
0
----------------------------------------------------
bvbzkyrrmdbauuh
3
1787
55
2
1
0
----------------------------------------------------
xbiuopuogfangqi
1
3932
6
1
2
0
----------------------------------------------------
gnwtzteneaelhaz
4
469
47
0
1
0
----------------------------------------------------
vwhfycwzhbhqotn
2
2436
49
2
2
0
----------------------------------------------------
mmvkddfmnfmnudy
5
1612
24
2
2
0
----------------------------------------------------
ffgvvyfdxfdxucw
4
1412
13
1
0
0
----------------------------------------------------
wcpxzikcoygxluk
9
534
64
0
1
0
----------------------------------------------------
hdwwpdmnzmeetxr
5
3118
45
2
2
0
----------------------------------------------------
ozymdfekrblzfnr
3
1091
32
2
2
0
----------------------------------------------------
piffbcoydprcigt
9
2130
30
0
2
0
----------------------------------------------------
pzpoddruwzdezko
1
4502
74
0
2
0
----------------------------------------------------
drombkxcxfxpmxm
2
1765
25
1
2
0
----------------------------------------------------
zmwyxlitxviktzp
8
1141
84
1
2
0
----------------------------------------------------
rkuixhorrpvdgtv
3
4301
71
2
2
0
----------------------------------------------------
lhhclqpoabegodi
8
3758
13
2
1
0
----------------------------------------------------
qtnfxvnuumwxtnr
0
4577
75
0
2
0
----------------------------------------------------
yoibcycfmztnqdm
9
2522
2
2
0
0
----------------------------------------------------
rmpogriqlafumfv
0
1066
67
0
0
0
----------------------------------------------------
rpuncaderznfmul
9
3828
94
1
0
0
----------------------------------------------------
tbdalwdpluwubrb
5
2174
83
2
2
0
----------------------------------------------------
ckwyifxoidppcmc
9
3088
53
1
2
0
----------------------------------------------------
xlmokmiggktpoax
2
561
28
0
2
0
----------------------------------------------------
gbddllmqbphizfa
8
1653
90
2
0
0
----------------------------------------------------
zgypfanexhhnbya
7
332
38
0
2
0
----------------------------------------------------
ivlwenxttkcudxo
5
1821
9
1
0
0
----------------------------------------------------
oxfazezoxpukdyl
2
2504
6
1
2
0
----------------------------------------------------
txwtidtpuwftzpl
1
3250
41
2
0
0
----------------------------------------------------
hdyzefuhioafkar
4
2410
60
2
2
0
----------------------------------------------------
kqgogrlchahirep
9
4264
98
1
2
0
----------------------------------------------------
zypgnrimdvtlmwp
0
558
33
0
0
0
----------------------------------------------------
koafdpxvvvcqcex
0
4679
71
2
1
0
----------------------------------------------------
kxpehgqxwctxyod
2
1445
57
1
0
0
----------------------------------------------------
bmciwnkbpvrhhor
8
3128
9
0
0
0
----------------------------------------------------
ucrailpctevdxgc
9
3057
74
0
2
0
----------------------------------------------------
oqrickwgkbaezll
5
428
58
2
0
0
----------------------------------------------------
vrkgwkpbokfwqao
5
3188
10
1
1
0
----------------------------------------------------
qvqhwgcopaikzfy
1
4986
18
2
2
0
----------------------------------------------------
epypbicldzrdgbt
0
1127
1
1
1
0
----------------------------------------------------
lqaccqiyvmuqdoe
2
3943
72
1
1
0
----------------------------------------------------
mukmbkbumaqddgg
8
4983
85
2
1
0
----------------------------------------------------
lucbxklaxbbggrv
5
2718
66
1
0
0
----------------------------------------------------
wzctpgrechedeby
5
1735
15
2
2
0
----------------------------------------------------
hlkxufugqeuuptf
2
4751
80
0
2
0
----------------------------------------------------
qqryodlrvvruivd
8
2514
24
0
2
0
----------------------------------------------------
tzwayvlllooqvdh
1
1145
65
1
0
0
----------------------------------------------------
qialoalidutnqmm
6
4087
40
0
1
0
----------------------------------------------------
deaabqpwwkdxzva
0
4818
57
0
2
0
----------------------------------------------------
zctzzfffgpdmowf
6
2118
29
2
0
0
----------------------------------------------------
txqexaovdhqwetz
7
1691
55
0
0
0
----------------------------------------------------
fqrtfnlpwmuoomm
9
759
38
0
2
0
----------------------------------------------------
mbfepdplizqquqq
3
1623
57
2
2
0
----------------------------------------------------
tkzpetvkrywergr
7
2479
40
0
0
0
----------------------------------------------------
crgxrwoxhntfaie
7
1274
18
2
1
0
----------------------------------------------------
nhpyewnhohtkfyr
9
3260
83
2
2
0
----------------------------------------------------
ryvlyworvurvicf
3
1068
38
0
1
0
----------------------------------------------------
mawdefawkhvrzon
8
3485
41
2
0
0
----------------------------------------------------
ugomqdfgvtqmoou
0
1860
74
1
0
0
----------------------------------------------------
dpxuizrwmcrhwrf
5
2949
58
1
2
0
----------------------------------------------------
qzpliaeqtzurptw
1
1823
95
0
1
0
----------------------------------------------------
wndixppphgxylyy
5
4111
50
1
1
0
----------------------------------------------------
qcnaqwztrtlhcdu
3
3944
55
1
1
0
----------------------------------------------------
zapxtrdngclqlye
4
1529
50
2
2
0
----------------------------------------------------
ykqemlarddzqmhi
0
2944
27
1
2
0
----------------------------------------------------
ukynxhptaivhyez
8
2690
22
2
1
0
----------------------------------------------------
acqwqkywluwkfqq
5
1661
61
0
1
0
----------------------------------------------------
ikfiwoylecumena
5
205
79
0
0
0
----------------------------------------------------
ekttfqkbytiagct
3
4804
75
2
0
0
----------------------------------------------------
dwhamxeodiaecfc
5
4518
6
2
0
0
----------------------------------------------------
ekrzxzwcbalbxxm
4
3936
14
0
0
0
----------------------------------------------------
nyvniawwlauuuzm
4
1001
40
1
2
0
----------------------------------------------------
adpugevokgunopm
8
3498
64
1
1
0
----------------------------------------------------
ziboxpdchwgnook
2
3424
15
0
1
0
----------------------------------------------------
aoulkdwlmrwaadu
5
2841
34
2
0
0
----------------------------------------------------
cmnteaiwtqogudz
6
3164
58
0
2
0
----------------------------------------------------
bnthuxiecqxdpzk
7
2465
85
2
0
0
----------------------------------------------------
wvhecwntlzztpra
4
2616
73
0
2
0
----------------------------------------------------
vbaxzlkpqfpzffo
8
4558
72
0
2
0
----------------------------------------------------
hylzyadcpexpuwa
9
3218
1
0
0
0
----------------------------------------------------
mhoktyvparggiuo
0
3047
65
1
0
0
----------------------------------------------------
ilddtxccuhqltdi
0
1083
21
0
1
0
----------------------------------------------------
omdbaqwndotpvpi
6
3117
79
2
1
0
----------------------------------------------------
dtzpxfbghwwvkrz
0
4108
19
2
0
0
----------------------------------------------------
zuehbfxmupxxlvr
1
3883
62
1
1
0
----------------------------------------------------
uiiyhfigzaakzvv
0
4857
58
2
1
0
----------------------------------------------------
myyplakhyetpzed
1
3733
45
1
1
0
----------------------------------------------------
odotqwwuwdopomi
7
2455
61
2
2
0
----------------------------------------------------
mbadlouxfoptchh
2
4018
5
2
1
0
----------------------------------------------------
auicwkbfxpxppmo
9
1239
15
1
0
0
----------------------------------------------------
whvolbkoggigamv
3
548
57
0
0
0
----------------------------------------------------
bpbgcapxmomqpkx
3
3890
41
1
0
0
----------------------------------------------------
oaefimovbcwuglv
6
2149
56
0
2
0
----------------------------------------------------
anouyggrxpqudut
4
893
10
0
0
0
----------------------------------------------------
ymypigrbtttioil
2
4481
58
2
2
0
----------------------------------------------------
iblqyaurbaizrgz
6
3948
13
2
0
0
----------------------------------------------------
decpmeqpvkrkouq
6
4896
86
1
1
0
----------------------------------------------------
decgdhciowbezcq
6
4776
29
1
1
0
----------------------------------------------------
iqkccnqchaxoehb
1
2531
64
1
0
0
----------------------------------------------------
qzgdigvwzqhpeau
9
3867
44
1
1
0
----------------------------------------------------
elgolwchvgxppkx
6
4460
55
1
2
0
----------------------------------------------------
wfloctiecfyyyiw
3
4648
44
0
0
0
----------------------------------------------------
typczqcuoqidwex
2
4575
53
2
1
0
----------------------------------------------------
oxonahmiuzbozvt
5
4525
37
1
0
0
----------------------------------------------------
rgtxcrdhzhgchyi
9
4141
70
0
0
0
----------------------------------------------------
woqcutuonpkqack
4
4474
68
0
0
0
----------------------------------------------------
